 -0.046
 1.579
 2.346
 3.179
 1.947
 2.978
 2.251
 2.974
 2.445
 2.795
 2.134
 2.923
 1.955
 2.898
 2.149
 2.762
 2.651
 2.935
 1.988
 2.843
 2.336
 3.257
 1.827
 3.429
 2.175
 2.745
 2.040
 3.379
 5.179
 3.573
 1.747
 2.866
 2.183
 3.588
 2.553
 3.364
 2.769
 3.581
 2.590
 3.775
 2.587
 3.640
 2.715
 3.570
 1.986
 2.907
 2.334
 3.365
 2.463
 3.076
 2.459
 3.073
 3.247
 5.047
 3.023
 2.802
 2.141
 3.348
 2.072
 3.630
 3.233
 3.319
 5.119
 2.832
 2.786
 4.235
 2.914
 2.979
 3.219
 3.590
 2.292
 3.037
 2.157
 3.957
 5.757
 2.767
 3.204
 3.444
 2.520
 2.848
 2.143
 2.580
 4.380
 3.500
 1.916
 3.716
 1.693
 2.394
 2.436
 4.236
 1.840
 3.068
 1.814
 2.867
 1.415
 2.160
 3.960
 2.157
 1.298
 2.197
 1.602
 1.688
 1.511
 1.443
 1.463
 1.681
 1.152
 1.216
 1.456
 1.213
 0.860
 2.660
 1.515
 -0.552
 1.248
 -1.061
 -0.733
 -0.713
 -0.165
 -1.397
 -0.323
 -1.643
 -0.018
 -0.635
 0.242
 -0.705
 0.238
 -0.796
 -2.622
 -1.723
 -2.010
 -0.913
 -2.409
 -0.829
 -2.281
 -0.832
 -1.867
 -0.990
 -2.002
 -0.202
 -1.456
 -0.909
 -1.526
 -3.439
 -2.232
 -3.333
 -3.027
 -1.974
 -2.349
 -2.922
 -2.902
 -1.981
 -2.290
 -2.380
 -2.536
 -2.867
 -1.067
 -2.629
 -4.059
 -4.478
 -4.216
 -3.537
 -4.835
 -4.441
 -4.333
 -3.742
 -3.985
 -2.668
 -4.164
 -3.792
 -3.794
 -3.005
 -4.347
 -6.480
 -4.680
 -6.374
 -5.299
 -6.443
 -5.237
 -6.403
 -4.976
 -5.615
 -5.485
 -6.388
 -4.764
 -2.964
 -5.646
 -5.868
 -7.605
 -7.102
 -8.026
 -7.523
 -8.227
 -7.592
 -8.165
 -6.365
 -4.565
 -2.765
 -0.965
 0.835

