 -1.364
 -1.058
 -1.741
 -0.600
 -1.371
 -0.911
 -1.001
 -1.442
 -1.092
 -0.611
 -1.953
 -1.142
 -1.913
 -0.574
 -1.542
 -0.621
 -1.107
 -0.779
 -1.088
 -1.024
 -1.465
 -0.105
 -0.963
 -0.460
 -1.165
 -0.287
 -0.707
 -0.357
 -1.369
 -0.822
 -1.109
 -0.913
 -1.486
 -0.631
 -0.721
 -0.657
 -1.779
 -0.374
 -0.969
 -0.642
 -1.017
 -0.074
 -1.350
 0.230
 -1.837
 -0.037
 -1.467
 -0.326
 -0.657
 -0.747
 -1.078
 0.106
 -0.752
 -0.886
 -0.031
 -1.241
 -2.166
 -0.541
 -0.961
 -1.160
 -0.964
 -0.417
 -0.924
 -1.035
 -0.773
 -0.665
 -1.656
 0.012
 -1.901
 -0.760
 -0.674
 -0.610
 -1.622
 -0.284
 -1.011
 -1.364
 -1.542
 -0.335
 -2.160
 -1.393
 -2.098
 -0.825
 -1.684
 -1.400
 -2.083
 -1.711
 -1.955
 -1.451
 -1.804
 -0.312
 -1.962
 -1.414
 -2.756
 -1.440
 -1.793
 -1.092
 -1.862
 -1.337
 -2.459
 -1.318
 -2.463
 -2.486
 -1.697
 -2.050
 -2.887
 -1.790
 -3.045
 -2.255
 -2.653
 -1.995
 -3.293
 -2.240
 -2.813
 -1.782
 -3.125
 -2.050
 -2.842
 -2.646
 -2.428
 -1.815
 -3.025
 -1.994
 -2.523
 -2.239
 -2.593
 -2.133
 -2.618
 -1.543
 -2.798
 -1.942
 -2.208
 -1.880
 -2.607
 -1.290
 -2.083
 -0.569
 -1.449
 -1.363
 -1.475
 -0.664
 -2.006
 -0.689
 -1.306
 -0.934
 -0.936
 0.051
 -0.983
 -0.414
 -1.207
 -0.264
 -0.903
 -0.904
 -0.708
 -0.776
 -1.327
 -0.780
 -0.693
 -0.344
 -0.785
 -0.281
 -1.096
 0.704
 -1.363
 0.239
 -0.795
 0.675
 -0.887
 0.320
 -0.824
 0.404
 -0.696
 0.093
 -1.447
 0.353
 -1.340
 -0.507
 -1.234
 0.566
 -0.051
 0.101
 -1.153
 0.076
 0.140
 -0.565
 -0.918
 0.025
 -0.526
 0.131
 -1.409
 0.171
 -0.929
 -0.601
 -0.867
 0.076
 -0.211
 -0.520
 -1.555
 0.113
 -0.701
 1.099


