0.09
-0.330
-0.749
0.151
0.700
0.545
0.236
0.236
0.213
-0.184
-0.185
-0.076
-0.011
0.758
-0.078
-0.475
-0.322
0.578
0.270
-0.192
-0.303
0.597
0.266
0.595
0.374
-0.154
-0.177
0.372
0.459
-0.135
0.259
-0.115
-0.050
0.081
-0.052
0.057
0.144
0.363
0.186
-0.166
-0.101
0.689
0.293
-0.345
0.467
0.158
0.135
-0.129
0.309
0.990
0.571
-0.243
0.657
0.503
0.084
0.765
0.588
0.675
0.147
-0.052
0.716
0.056
0.956
0.955
0.120
0.668
0.074
0.666
0.577
-0.192
0.708
0.707
0.596
0.331
0.682
0.330
0.724
1.185
0.239
0.897
0.831
0.852
0.455
-0.007
-0.140
0.409
0.188
0.561
1.461
1.064
-0.255
0.645
0.622
0.248
0.642
0.993
1.344
0.574
0.265
-0.131
0.439
0.790
0.657
1.162
0.282
1.182
-0.049
0.851
0.476
0.805
0.980
0.166
1.000
0.186
0.339
0.954
0.228
0.798
0.182
1.082
0.510
0.553
-0.019
0.243
0.638
0.352
-0.265
0.196
0.415
0.150
0.567
0.105
0.543
0.608
-0.074
0.189
0.034
0.099
0.186
0.032
-0.563
0.337
0.183
0.709
0.379
0.048
0.289
0.442
0.595
0.660
-0.088
0.790
0.482
0.525
-0.267
0.633
0.522
0.477
0.938
1.025
0.606
-0.142
0.363
0.406
1.086
-0.145
0.755
-0.125
-0.367
0.379
-0.281
0.113
-0.613
-0.042
-0.087
0.813
0.526
-0.178
-0.904
-0.004
-0.554
-0.511
-0.204
-0.644
0.256
-0.382
-0.823
-0.933
-0.407
-0.891
-0.277
-0.102
-0.652
0.248
-0.171
-0.567
-1.447
-0.547
-0.372
-0.922
-0.945
-1.012
-0.397
-0.838
-1.080
-0.598
-1.543
-1.017
-0.534
-1.194
-1.371
-0.779
-0.714
-0.561
-1.199
-1.178
-1.091
-0.850
-1.532
-1.621
-1.468
-1.688
-1.228
-1.251
-1.691
-1.318
-1.539
-1.496
-0.991
-1.190
-1.718
-1.082
-1.105
-1.413
-1.656
-1.042
-1.526
-0.867
-1.879
-1.572
-1.617
-0.871
-1.575
-1.598
-1.335
-0.940
-1.095
-1.557
-0.767
-1.032
-0.901
-1.649
-0.837
-0.816
-1.124
-0.642
-1.038
-1.039
-0.732
-0.909
-0.822
-0.317
-0.824
-0.824
-0.628
-0.233
-0.124
-1.158
-0.258
-0.500
-0.413
-0.304
0.025
-0.064
-0.373
-0.154
-0.309
0.460
0.173
0.282
-0.224
-0.027
-0.534
0.015
-0.667
0.233
-0.054
-0.098
0.516
-0.100
-0.365
-0.454
-0.147
0.204
-0.061
0.312
0.487
0.904
0.771
0.462
-0.110
0.636
0.613
0.503
0.348
0.984
0.236
-0.248
0.388
0.410
0.650
-0.251
0.077
0.977
0.405
0.690
0.799
0.337
0.709
0.664
0.488
1.388
0.816
0.991
0.770
1.318
1.164
0.635
0.503
0.612
0.259
0.940
0.389
0.630
0.783
1.441
1.484
1.088
0.120
0.647
0.778
0.909
0.095
-0.060
0.840
0.422
0.729
1.013
0.024
0.506
0.308
1.208
1.492
1.645
0.260
1.028
1.445
1.005
0.894
0.651
0.694
0.825
1.374
0.406
1.306
1.173
1.107
0.864
1.654
1.719
0.620
0.751
1.541
1.320
0.946
1.714
1.779
1.163
1.096
1.095
0.523
0.874
0.477
-0.095
0.805
0.650
0.650
-0.362
0.538
1.438
1.503
0.755
1.172
0.292
0.818
0.795
0.004
0.838
0.441
0.484
