-3.034
 -1.234
 0.566
 0.037
 0.958
 0.495
 0.823
 0.447
 0.907
 0.180
 0.684
 0.265
 0.834
 0.481
 1.094
 0.499
 1.113
 0.232
 1.197
 0.558
 1.589
 0.401
 1.014
 -0.130
 1.318
 -0.068
 1.403
 0.324
 1.992
 0.431
 1.791
 0.823
 1.634
 -0.082
 1.586
 0.860
 1.627
 0.504
 1.623
 0.435
 1.488
 0.871
 1.221
 0.933
 1.393
 1.062
 1.192
 0.641
 0.683
 1.362
 0.855
 1.315
 1.533
 0.740
 2.013
 0.429
 1.592
 0.865
 1.215
 1.235
 1.453
 0.748
 0.922
 0.920
 0.589
 0.236
 1.882
 1.045
 1.307
 -0.606
 1.194
 0.181
 1.388
 0.837
 1.472
 0.526
 1.798
 0.258
 1.949
 0.716
 1.769
 -0.188
 0.821
 0.797
 1.081
 -0.195
 1.319
 0.395
 1.250
 0.149
 0.455
 0.014
 0.979
 -0.187
 0.404
 0.095
 0.555
 -0.502
 0.463
 -0.066
 0.350
 -0.443
 -0.181
 -0.534
 -0.009
 -0.692
 -0.166
 -0.739
 -0.148
 -0.699
 -0.503
 -0.724
 -3.033
 -1.695
 -2.707
 -2.225
 -3.062
 -1.877
 -2.912
 -1.903
 -3.311
 -1.972
 -2.787
 -1.888
 -3.296
 -1.760
 -2.750
 -4.224
 -2.951
 -3.832
 -2.977
 -3.682
 -3.090
 -4.037
 -2.632
 -3.755
 -3.185
 -3.758
 -2.815
 -3.081
 -2.687
 -2.908
 -4.800
 -4.076
 -3.880
 -4.036
 -4.323
 -3.314
 -3.997
 -4.438
 -4.726
 -4.706
 -3.719
 -3.413
 -4.777
 -3.768
 -5.044
 -6.298
 -5.113
 -6.104
 -5.073
 -6.635
 -5.560
 -6.133
 -6.069
 -6.466
 -4.886
 -7.063
 -5.263
 -5.748
 -5.420
 -5.334
 -7.907
 -6.217
 -8.108
 -7.033
 -7.474
 -7.059
 -7.390
 -6.842
 -7.921
 -6.868
 -8.276
 -6.652
 -8.323
 -6.765
 -7.536
 -10.020
 -9.451
 -10.375
 -9.147
 -10.093
 -9.216
 -10.317
 -8.517
 -6.717
 -4.917
 -3.117
 -1.317
 0.483

