0.900
 -0.529
 -0.025
 0.590
 0.303
 0.368
 -0.292
-0.292
 0.981
 -0.360
 0.386
 -0.406
 0.340
 0.295
 -0.584
 0.030
 0.710
 -0.477
 -0.632
 -0.632
 0.223
 -0.151
 -0.108
 0.111
 0.725
 0.263
 -0.485
 0.173
 -0.004
 0.325
 -0.357
 0.323
 0.784
 0.234
 0.541
 0.320
 0.099
 0.428
 0.163
 0.141
 0.777
 -0.081
 0.314
 -0.214
-0.214
 0.311
 0.574
 0.551
 0.682
 -0.198
 0.241
 0.240
 0.810
 0.831
 0.523
 0.720
 0.038
 0.630
 -0.184
 -0.031
 0.364
 0.253
 0.428
 0.185
 0.229
 0.491
 -0.103
 -0.060
 0.225
 0.664
 0.267
 1.167
 0.881
 -0.175
 -0.439
 -0.001
 -0.001
 0.239
 0.106
 0.171
 0.214
 0.279
 0.257
 0.256
 0.256
 0.913
 1.198
 0.450
 0.163
 0.866
 0.535
 0.161
 0.094
 0.269
 0.334
 0.773
 -0.063
 0.397
 0.396
 0.220
 0.439
 0.899
 0.810
 0.524
 1.182
 0.149
 0.895
 0.850
 0.322
 0.980
 1.045
 1.308
 -0.055
  -0.055
 -0.167
 0.623
 0.512
 0.841
 0.093
0.093
 0.707
 0.486
 1.210
 0.968
 0.352
 1.032
 1.448
 1.250
 0.304
 0.325
 0.368
 0.148
  0.148
 -0.162
 0.035
 0.034
  0.034
 0.428
 -0.100
  -0.100
 -0.168
 0.161
 0.161
1.346
 0.356
 -0.612
 -0.612
 -0.328
 0.308
 0.110
 -0.418
 0.416
 0.393
 -0.157
 -0.246
 0.544
 -0.160
 -0.029
 -0.052
 0.167
 -0.032
 0.671
 -0.253
 0.076
 0.141
 -0.366
 -0.279
 0.006
 0.006
 -0.699
 -0.326
 -0.569
-0.569
 -0.483
 0.066
 -0.155
 -0.002
 0.195
 -0.289
 -0.488
 0.368
 0.016
 -0.425
 0.146
 -0.207
 -0.669
 -0.538
 -0.978
 -0.320
 -0.892
 -0.937
 -0.520
 -0.785
 -0.280
 -0.391
 -0.678
 -0.854
 -0.328
 -1.098
 -0.439
 -0.528
 -1.298
 -0.684
 -0.575
 -1.169
 -0.950
 -0.402
 -0.754
 -0.557
 -1.393
 -1.438
 -1.153
 -1.154
 -1.550
 -0.738
 -0.981
 -0.367
 -1.049
 -1.643
 -1.072
 -1.095
 -1.272
 -1.383
 -0.988
 -0.549
 -1.825
 -1.320
 -1.695
 -1.344
 -1.015
 -1.741
 -0.973
 -1.106
 -1.348
 -1.525
 -1.108
 -1.021
 -1.264
 -1.572
 -0.980
 -1.179
 -1.531
 -1.752
 -1.621
 -1.292
 -1.381
 -0.657
 -1.470
 -1.339
 -1.165
 -0.770
 -0.991
 -0.332
 -0.729
 -0.971
 -1.104
 -0.797
 -1.084
 -1.392
 -0.558
 -0.779
 -0.230
 -1.088
 -0.188
 -0.628
 -1.025
 -1.025
 -1.027
 -0.302
 -0.962
 -0.436
 -0.810
 -0.810
  -0.461
 -0.374
 -0.748
 -0.748
 0.173
 -0.421
 -0.378
 0.083
 0.082
 -0.381
 -0.030
 0.123
 0.166
 -0.472
 0.186
 0.427
 -0.189
 0.557
 0.534
 0.094
 0.928
 1.059
 0.487
 -0.239
 -0.262
 -0.262
 0.044
 0.044
 0.789
 0.261
 0.128
 0.128
 0.412
 0.873
 -0.029
 0.585
 0.694
 1.177
 0.912
 1.153
 0.976
 -0.123
 0.052
 0.052
 0.709
 -0.061
 0.356
 0.882
 0.464
 -0.174
 0.287
 0.945
 0.834
 0.943
 0.591
 0.591
 1.072
 1.071
 0.631
 1.223
 0.344
 0.738
 1.462
 0.627
 1.219
 0.801
 1.239
 1.436
 1.545
 0.995
 1.543
 1.608
 1.212
 0.772
 0.199
 0.199
 1.428
 0.570
 0.570
 1.096
 1.381
 0.984
 0.588
 1.268
 0.476
 1.003
 0.057
 0.386
 0.495
 1.153
 1.064
 1.371
 1.392
 0.688
 1.193
 1.390
 0.773
 0.685
 0.486
 0.815
 0.594
 0.594
 1.317
 1.317
 1.250
 0.875
 0.325
0.325
 1.180
 1.092
 1.092
 0.870
 1.001
 0.077
 0.164
 0.537
 0.976
 0.447
 0.424
 1.324
 1.060
 -0.193
 -0.062
 0.706
 0.309
 0.023
 0.198
