24       
64       
156      
307      
354      
470      
529      
672      
742      
872      
948      
1038     
1150     
1177     
1274     
1345     
1496     
1637     
1689     
1791     
1814     
1841     
1924     
1998     
2164     
2273     
2348     
2423     
2448     
2583     
2715     
2850     
2969     
2964     
3013     
3059     
3103     
3276     
3369     
3483     
3566     
3601     
3701     
3829     
3968     
4094     
4169     
4207     
4220     
4270     
4384     
4501     
4583     
4722     
4739     
4876     
5044     
5120     
5174     
5168     
5317     
5440     
5598     
5706     
5743     
5947     
6065     
6064     
6084     
6209     
6328     
6438     
6510     
6624     
6779     
6900     
6880     
6897     
7094     
7220     
7224     
7355     
7499     
7635     
7706     
7706     
7745     
7932     
8078     
8072     
8210     
8391     
8476     
8490     
8527     
8645     
8811     
8904     
8911     
9087     
9270     
9289     
9294     
9388     
9509     
9626     
9701     
9778     
9945     
10061    
10048    
10091    
10290    
10343    
10443    
10600    
10631    
10679    
10818    
10873    
10977    
11175    
11179    
11183    
11368    
11494    
11511    
11697    
11759    
11750    
11878    
11991    
12060    
12263    
12305    
12292    
12444    
12591    
12623    
12787    
12900    
12881    
12956    
13193    
13267    
13325    
13559    
13586    
13550    
13739    
13891    
13920    
14089    
14205    
14178    
14270    
14416    
14521    
14657    
14774    
14759    
14887    
15053    
15050    
15228    
15382    
15331    
15391    
15593    
15643    
15791    
15909    
15925    
16010    
16178    
16217    
16359    
