0.527344
1.406250
3.427734
6.745605
7.778320
10.327148
11.623535
14.765625
16.303711
19.160156
20.830078
22.807617
25.268555
25.861816
27.993164
29.553223
32.871094
35.969238
37.111816
39.353027
39.858398
40.451660
42.275391
43.901367
47.548828
49.943848
51.591797
53.239746
53.789063
56.755371
59.655762
62.622070
65.236816
65.126953
66.203613
67.214355
68.181152
71.982422
74.025879
76.530762
78.354492
79.123535
81.320801
84.133301
87.187500
89.956055
91.604004
92.438965
92.724609
93.823242
96.328125
98.898926
100.700680
103.754880
104.128420
107.138670
110.830080
112.500000
113.686520
113.554690
116.828610
119.531250
123.002930
125.375980
126.188960
130.671390
133.264160
133.242190
133.681640
136.428220
139.042970
141.459960
143.041990
145.546880
148.952640
151.611330
151.171880
151.545410
155.874020
158.642580
158.730470
161.608890
164.772950
167.761230
169.321290
169.321290
170.178220
174.287110
177.495120
177.363280
180.395510
184.372560
186.240230
186.547850
187.360840
189.953610
193.601070
195.644530
195.798340
199.665530
203.686520
204.104000
204.213870
206.279300
208.937990
211.508790
213.156740
214.848630
218.518070
221.066890
220.781250
221.726070
226.098630
227.263180
229.460450
232.910160
233.591310
234.646000
237.700200
238.908690
241.193850
245.544430
245.632320
245.720210
249.785160
252.553710
252.927250
257.014160
258.376460
258.178710
260.991210
263.474120
264.990230
269.450680
270.373540
270.087890
273.427730
276.657710
277.360840
280.964360
283.447270
283.029790
284.677730
289.885250
291.511230
292.785640
297.927250
298.520510
297.729490
301.882320
305.222170
305.859380
309.572750
312.121580
311.528320
313.549800
316.757810
319.064940
322.053220
324.624020
324.294430
327.106930
330.754390
330.688480
334.599610
337.983400
336.862790
338.181150
342.619630
343.718260
346.970210
349.562990
349.914550
351.782230
355.473630
356.330570
359